{
  "height": 30,
  "width": 88,
  "x": 270.7395935058594,
  "y": 1174.854248046875
}