{
  "height": 648,
  "width": 250,
  "x": 508.46875,
  "y": 503.78125
}