{
  "height": 625,
  "width": 250,
  "x": 258.07293701171875,
  "y": 577.40625
}