{
  "height": 351,
  "width": 1002,
  "x": 258.07293701171875,
  "y": 527.4791660308838
}